Lambda
400
401
402
403
404
405
406
407
408
409
410
411
412
413
414
415
416
417
418
419
420
421
422
423
424
425
426
427
428
429
430
431
432
433
434
435
436
437
438
439
440
441
442
443
444
445
446
447
448
449
450
451
452
453
454
455
456
457
458
459
460
461
462
463
464
465
466
467
468
469
470
471
472
473
474
475
476
477
478
479
480
481
482
483
484
485
486
487
488
489
490
491
492
493
494
495
496
497
498
499
500
501
502
503
504
505
506
507
508
509
510
511
512
513
514
515
516
517
518
519
520
521
522
523
524
525
526
527
528
529
530
531
532
533
534
535
536
537
538
539
540
541
542
543
544
545
546
547
548
549
550
551
552
553
554
555
556
557
558
559
560
561
562
563
564
565
566
567
568
569
570
571
572
573
574
575
576
577
578
579
580
581
582
583
584
585
586
587
588
589
590
591
592
593
594
595
596
597
598
599
600
601
602
603
604
605
606
607
608
609
610
611
612
613
614
615
616
617
618
619
620
621
622
623
624
625
626
627
628
629
630
631
632
633
634
635
636
637
638
639
640
641
642
643
644
645
646
647
648
649
650
651
652
653
654
655
656
657
658
659
660
661
662
663
664
665
666
667
668
669
670
671
672
673
674
675
676
677
678
679
680
681
682
683
684
685
686
687
688
689
690
691
692
693
694
695
696
697
698
699
700
701
702
703
704
705
706
707
708
709
710
711
712
713
714
715
716
717
718
719
720
721
722
723
724
725
726
727
728
729
730
731
732
733
734
735
736
737
738
739
740
741
742
743
744
745
746
747
748
749
750
751
752
753
754
755
756
757
758
759
760
761
762
763
764
765
766
767
768
769
770
771
772
773
774
775
776
777
778
779
780
781
782
783
784
785
786
787
788
789
790
791
792
793
794
795
796
797
798
799
800
801
802
803
804
805
806
807
808
809
810
811
812
813
814
815
816
817
818
819
820
821
822
823
824
825
826
827
828
829
830
831
832
833
834
835
836
837
838
839
840
841
842
843
844
845
846
847
848
849
850
851
852
853
854
855
856
857
858
859
860
861
862
863
864
865
866
867
868
869
870
871
872
873
874
875
876
877
878
879
880
881
882
883
884
885
886
887
888
889
890
891
892
893
894
895
896
897
898
899
A
0.0698
0.0693
0.0652
0.0624
0.0572
0.0546
0.052
0.05
0.0474
0.0468
0.0436
0.0432
0.0407
0.0392
0.0389
0.039
0.0384
0.0384
0.0377
0.0377
0.0373
0.0378
0.038
0.0381
0.0389
0.0388
0.0383
0.0391
0.0406
0.0402
0.0425
0.0439
0.0455
0.0469
0.0484
0.0503
0.0525
0.0535
0.0552
0.057
0.0589
0.0598
0.0638
0.0665
0.0693
0.0714
0.0748
0.0776
0.0819
0.0838
0.0894
0.0924
0.0983
0.1048
0.1058
0.1113
0.1145
0.1207
0.124
0.1299
0.1348
0.1442
0.1469
0.156
0.1617
0.1709
0.1765
0.1861
0.1979
0.2026
0.2109
0.2169
0.227
0.2331
0.2448
0.2493
0.2625
0.2704
0.2829
0.3
0.3055
0.3242
0.3339
0.3517
0.3615
0.3766
0.3862
0.403
0.4163
0.4239
0.4357
0.4435
0.4592
0.4643
0.4804
0.4887
0.5064
0.5281
0.5368
0.564
0.5763
0.6008
0.6134
0.6346
0.6578
0.6673
0.6811
0.6872
0.6945
0.6988
0.7076
0.714
0.7176
0.7259
0.7324
0.7463
0.7521
0.7741
0.7936
0.8074
0.8335
0.8415
0.8664
0.8831
0.8916
0.9005
0.9011
0.8994
0.8954
0.887
0.8723
0.8663
0.8499
0.8432
0.8335
0.8276
0.8271
0.8286
0.8312
0.8386
0.8501
0.8533
0.8652
0.8695
0.8739
0.873
0.8708
0.8568
0.8468
0.8235
0.7912
0.7792
0.7386
0.7057
0.6843
0.649
0.6379
0.6074
0.5865
0.5751
0.5581
0.5535
0.5417
0.5339
0.5298
0.5239
0.5183
0.5138
0.5066
0.4999
0.4849
0.468
0.4559
0.435
0.4053
0.3912
0.3647
0.3323
0.3219
0.2901
0.2765
0.2527
0.2288
0.2209
0.1983
0.1839
0.1763
0.1609
0.1513
0.1459
0.1371
0.127
0.1244
0.1202
0.1149
0.1127
0.1085
0.1068
0.1051
0.1026
0.1014
0.1
0.0988
0.0973
0.0959
0.0938
0.0924
0.0906
0.0907
0.0899
0.0885
0.0862
0.0856
0.0852
0.0848
0.0836
0.083
0.0812
0.0811
0.082
0.0813
0.0801
0.0799
0.0792
0.0783
0.0772
0.0762
0.0761
0.076
0.0757
0.0749
0.0747
0.0738
0.0731
0.0714
0.0711
0.0709
0.0709
0.0702
0.0694
0.0676
0.0672
0.0662
0.066
0.0646
0.0645
0.0634
0.0621
0.0621
0.0612
0.0604
0.0589
0.0585
0.0577
0.0575
0.0572
0.0553
0.0546
0.0537
0.0537
0.0524
0.0518
0.0512
0.049
0.0477
0.0474
0.0475
0.0468
0.0466
0.0453
0.045
0.0441
0.0432
0.0421
0.042
0.0411
0.0402
0.0393
0.0388
0.0383
0.037
0.0365
0.0359
0.0353
0.0342
0.0323
0.0322
0.0325
0.0307
0.03
0.0301
0.0298
0.0286
0.0283
0.0277
0.0269
0.0252
0.0253
0.025
0.0243
0.024
0.0235
0.0219
0.0215
0.0215
0.0215
0.0212
0.0208
0.0206
0.02
0.0204
0.0198
0.019
0.0187
0.0184
0.0177
0.017
0.017
0.0175
0.0168
0.0159
0.0166
0.0159
0.0152
0.0152
0.0146
0.0143
0.0146
0.0135
0.0135
0.0133
0.0133
0.0132
0.0124
0.0127
0.0122
0.0122
0.0116
0.0113
0.0114
0.0114
0.0111
0.0108
0.0105
0.0106
0.0103
0.0103
0.01
0.01
0.0107
0.0107
0.0098
0.0095
0.0094
0.0086
0.0086
0.0086
0.0086
0.0086
0.0088
0.0084
0.0081
0.0086
0.0085
0.0081
0.0082
0.0076
0.0081
0.0077
0.0076
0.0079
0.0071
0.0076
0.0078
0.0074
0.0068
0.0075
0.0072
0.0076
0.0081
0.0075
0.007
0.007
0.0067
0.007
0.0067
0.0067
0.0068
0.0068
0.0069
0.0069
0.0065
0.0066
0.0066
0.0063
0.0063
0.0061
0.0067
0.007
0.0073
0.0061
0.0068
0.0064
0.0061
0.0064
0.0068
0.0065
0.0053
0.005
0.0067
0.0072
0.0064
0.0062
0.0063
0.0066
0.0081
0.0085
0.0076
0.0052
0.0052
0.0071
0.0071
0.0065
0.0069
0.0063
0.0063
0.0064
0.0083
0.0077
0.0063
0.0048
0.0069
0.0066
0.0044
0.0058
0.0064
0.0058
0.0071
0.0065
0.0072
0.0066
0.0065
0.0063
0.0064
0.0061
0.0063
0.0056
0.0054
0.0067
0.0066
0.0061
0.0058
0.0058
0.0055
0.0087
0.0062
0.0069
0.0066
0.0057
0.006
0.0057
0.0059
0.0062
0.0061
0.0055
0.0066
0.0063
0.0055
0.0059
0.0056
0.0059
0.0062
0.0057
0.0059
0.0057
0.0054
0.0058
0.0055
0.0066
0.0061
0.0044
0.0064
0.0064
0.0063
0.0049
0.0053
0.0046
0.005
0.0055
0.0057
0.0059
0.0057
0.0051
0.0054
0.0045
0.006
0.0058
0.0058
0.0054
0.0053
